%stochastic REFINERY LP

c = [1 0 -(.6*3.9) -(.6*3.7) -(.3*4.1) -(.3*4.0) -(.1*4.5) -(.1*4.1)];
%c = [1 0 -(.0*3.7) -(.0*3.9) -(1*4.1) -(1*4.0) -(.0*4.5) -(.0*4.1)];
%c = [1 0 -(.9*3.7) -(.9*3.9) -(.1*4.1) -(.1*4.0) -(.0*4.5) -(.0*4.1)];
A = [.27 -1 0 0 0 0 0 0;
    0  1 -1 -1 0 0 0 0; %srgsplit1
    0  1  0 0 -1 -1 0 0;%srgsplit2
    0  1  0 0 0 0 -1 -1;%srgsplit3
    -1 0 0 0 0 0 0 0;  %crudebound
    0 0 1 0 0 0 0 0;  %pgdem1 > 10k
    0 0 0 0 1 0 0 0;  %pgdem2 > 10k
    0 0 0 0 0 0 1 0;  %pgdem3 > 10k
    0 0 -1 0 0 0 0 0;  %pgsup1 < 15k
    0 0 0 0 -1 0 0 0;  %pgsup2 < 15k
    0 0 0 0 0 0 -1 0; ]; %pgsup3 < 15k
 b = [0 0 0 0 -100000 10000 10000 10000 -10001 -12000 -15000]';